0.005689942521413643 0.9848667481579598 0.04924333740789799 0.00778
0.007112427826781622 0.9133839803227718 0.04566919901613859 0.00778
0.008534912915492658 1.0 0.05 0.00778
0.009957397744215382 0.8592856533269051 0.042964282666345256 0.00778
0.011379882269618426 0.8452065908000607 0.042260329540003035 0.00778
0.012802366448370428 0.8437032762790598 0.04218516381395299 0.00778
0.014224850237140053 0.8453259314521263 0.04226629657260632 0.00778
0.01564733359259596 0.8458395644092592 0.04229197822046296 0.00778
0.01706981647140683 0.8467815373850515 0.042339076869252576 0.00778
0.01849229883024136 0.845905843399631 0.042295292169981555 0.00778
0.01991478062576825 0.8459279642704103 0.04229639821352052 0.00778
0.021337261814656228 0.8435052201920122 0.04217526100960062 0.00778
0.02275974235357406 0.852718847696398 0.04263594238481991 0.00778
0.02418222219919048 0.84832984859714 0.042416492429857004 0.00778
0.025604701308174292 0.842103504184142 0.042105175209207105 0.00778
0.027027179637194306 0.8339450652904933 0.04169725326452467 0.00778
0.028449657142919343 0.8262494845805689 0.04131247422902845 0.00778
0.029872133782018275 0.8207225045437655 0.041036125227188275 0.00778
0.031294609511159976 0.8105968494249731 0.04052984247124866 0.00778
0.03271708428701335 0.8045353410813922 0.04022676705406961 0.00778
0.034139558066247355 0.790473562530305 0.03952367812651525 0.00778
0.035562030805530956 0.778032938557189 0.038901646927859454 0.00778
0.03698450246153315 0.7613467233144536 0.038067336165722686 0.00778
0.038406972990922966 0.739534665538796 0.0369767332769398 0.00778
0.0398294423503695 0.717591565914673 0.03587957829573365 0.00778
0.04125191049654183 0.6841342294229661 0.03420671147114831 0.00778
0.04267437738610911 0.637723412074498 0.0318861706037249 0.00778
0.04409684297574052 0.5684312087154197 0.028421560435770987 0.00778
0.045519307222105294 0.4684564237491243 0.023422821187456214 0.00778
0.04694177008187267 0.3503310317034853 0.017516551585174265 0.00778
0.04836423151171195 0.2380100019638036 0.01190050009819018 0.00778
0.0497866914682925 0.1475897059908423 0.007379485299542116 0.00778
0.0512091499082837 0.08691045574204179 0.004345522787102089 0.00778
0.05263160678835502 0.05230745230607404 0.002615372615303702 0.00778
0.05405406206517589 0.037105412272004715 0.0018552706136002357 0.00778
0.05547651569541589 0.034577494203861345 0.0017288747101930674 0.00778
0.05689896763574457 0.03791522214015082 0.001895761107007541 0.00778
0.05832141784283159 0.042993878424548465 0.002149693921227423 0.00778
0.05974386627334663 0.0472210320966194 0.0023610516048309703 0.00778
0.061166312883959434 0.049439184478802405 0.0024719592239401205 0.00778
0.06258875763133982 0.049630768752503454 0.002481538437625173 0.00778
0.06401120047215761 0.04788411614817136 0.0023942058074085683 0.00778
0.06543364136308272 0.044424887117028425 0.0022212443558514215 0.00778
0.06685608026078517 0.03976689908515364 0.0019883449542576824 0.00778
0.06827851712193492 0.034403441920099205 0.0017201720960049603 0.00778
0.06970095190320214 0.029167249926120586 0.0014583624963060294 0.00778
0.07112338456125693 0.02385585217874029 0.0011927926089370146 0.00778
0.07254581505276954 0.019171456286906044 0.0009585728143453022 0.00778
0.07396824333441027 0.014994034881606553 0.0007497017440803277 0.00778
0.07539066936284944 0.011579539278746241 0.0005789769639373121 0.00778
0.0768130930947575 0.008853476095507209 0.0004426738047753605 0.00778
0.07823551448680498 0.006787090459820366 0.0003393545229910183 0.00778
0.07965793349566237 0.0052983608868007615 0.0002649180443400381 0.00778
0.08108035007800034 0.00423526706158732 0.00021176335307936602 0.00778
0.08250276419048964 0.00352906097673933 0.0001764530488369665 0.00778
0.08392517578980102 0.0030806824707985203 0.00015403412353992603 0.00778
0.08534758483260535 0.002782554685987183 0.00013912773429935915 0.00778
0.08676999127557361 0.002567666894262553 0.00012838334471312765 0.00778
0.08819239507537677 0.002388295519635045 0.00011941477598175225 0.00778
0.08961479618868597 0.0022133216996127287 0.00011066608498063645 0.00778
0.09103719457217235 0.002023664722964865 0.00010118323614824326 0.00778
0.09245959018250721 0.0018135290023931505 9.067645011965753e-05 0.00778
0.09388198297636191 0.0016021687138865581 8.01084356943279e-05 0.00778
0.09530437291040787 0.001397965466131199 6.989827330655996e-05 0.00778
0.09672675994131665 0.0012026805968304549 6.0134029841522744e-05 0.00778
0.09814914402575978 0.0010570216138053434 5.285108069026717e-05 0.00778
0.09957152512040904 0.0009523391324347246 4.761695662173623e-05 0.00778
0.1009939031819362 0.0009047511874143685 4.5237559370718426e-05 0.00778
0.10241627816701314 0.0008976621400940948 4.488310700470474e-05 0.00778
0.10383865003231188 0.0009424920870621147 4.712460435310574e-05 0.00778
0.10526101873450443 0.0010328409986035503 5.164204993017752e-05 0.00778
0.10668338423026302 0.0011603233668687862 5.8016168343439315e-05 0.00778
0.10810574647625988 0.001311023712053668 6.555118560268339e-05 0.00778
0.10952810542916738 0.0014692352075789173 7.346176037894588e-05 0.00778
0.11095046104565803 0.0016167666418575918 8.083833209287959e-05 0.00778
0.11237281328240435 0.001751477691196966 8.75738845598483e-05 0.00778
0.11379516209607905 0.0018516294420043132 9.258147210021566e-05 0.00778
0.11521750744335488 0.0019160270085346297 9.580135042673148e-05 0.00778
0.11663984928090473 0.001935616359627325 9.678081798136625e-05 0.00778
0.1180621875654016 0.0019102527539679257 9.551263769839629e-05 0.00778
0.1194845222535186 0.0018463602422370436 9.231801211185219e-05 0.00778
0.12090685330192892 0.0017608489214084215 8.804244607042109e-05 0.00778
0.12232918066730587 0.0016230859860553927 8.115429930276964e-05 0.00778
0.1237515043063229 0.0014745998750216897 7.372999375108449e-05 0.00778
0.12517382417565354 0.0013120399808574075 6.560199904287037e-05 0.00778
0.12659614023197144 0.00113585592551814 5.679279627590701e-05 0.00778
0.12801845243195042 0.0009713620410243165 4.8568102051215826e-05 0.00778
0.12944076073226435 0.0008120542070320018 4.0602710351600094e-05 0.00778
0.1308630650895872 0.0006637682701566114 3.318841350783057e-05 0.00778
0.13228536546059314 0.0005414680186326063 2.707340093163032e-05 0.00778
0.13370766180195642 0.0004318249331188159 2.1591246655940797e-05 0.00778
0.13512995407035142 0.0003502555034077307 1.7512775170386536e-05 0.00778
0.13655224222245266 0.000283311105663193 1.416555528315965e-05 0.00778
0.1379745262149347 0.00023878621364964412 1.1939310682482206e-05 0.00778
0.1393968060044724 0.00020667827865633516 1.033391393281676e-05 0.00778
0.14081908154774053 0.00018668857924701536 9.334428962350769e-06 0.00778
0.14224135280141414 0.00017817655811508496 8.908827905754249e-06 0.00778
0.14366361972216837 0.0001747643586164675 8.738217930823375e-06 0.00778
0.1450858822666785 0.00017290427874537992 8.645213937268997e-06 0.00778
0.14650814039161997 0.00016878069108414447 8.439034554207223e-06 0.00778
0.14793039405366823 0.00016938737276395283 8.469368638197641e-06 0.00778
0.149352643209499 0.00016497122287133773 8.248561143566886e-06 0.00778
0.15077488781578816 0.00016125722233403382 8.062861116701691e-06 0.00778
0.15219712782921155 0.00015435275367347382 7.717637683673692e-06 0.00778
0.15361936320644531 0.00014791638458312123 7.395819229156062e-06 0.00778
0.15504159390416575 0.0001406423636302922 7.03211818151461e-06 0.00778
0.15646381987904912 0.00013775061694328692 6.887530847164346e-06 0.00778
0.15788604108777196 0.00013657728841533272 6.828864420766636e-06 0.00778
0.159308257487011 0.0001403559606037837 7.017798030189186e-06 0.00778
0.16073046903344299 0.00014725427005947254 7.362713502973628e-06 0.00778
0.16215267568374495 0.00015526123639196852 7.763061819598426e-06 0.00778
0.16357487739459395 0.00016945820361997105 8.472910180998553e-06 0.00778
0.16499707412266723 0.00018454209634941932 9.227104817470967e-06 0.00778
0.16641926582464225 0.00020343545729167425 1.0171772864583714e-05 0.00778
0.16784145245719653 0.00022373003734211605 1.1186501867105803e-05 0.00778
0.1692636339770078 0.0002395807510780225 1.1979037553901125e-05 0.00778
0.17068581034075395 0.00025323262867492824 1.2661631433746413e-05 0.00778
0.17210798150511306 0.0002687599841550993 1.3437999207754966e-05 0.00778
0.1735301474267632 0.00027629885091738784 1.3814942545869392e-05 0.00778
0.17495230806238277 0.00027775550286941497 1.388777514347075e-05 0.00778
0.17637446336865029 0.00027293284545530395 1.3646642272765198e-05 0.00778
0.17779661330224442 0.00026660426245019654 1.3330213122509828e-05 0.00778
0.179218757819844 0.00025561008175519243 1.2780504087759622e-05 0.00778
0.1806408968781281 0.00023980248245338397 1.19901241226692e-05 0.00778
0.18206303043377575 0.00022092143992087133 1.1046071996043568e-05 0.00778
0.18348515844346638 0.00019943505372786184 9.971752686393093e-06 0.00778
0.18490728086387948 0.0001760115976028755 8.800579880143776e-06 0.00778
0.18632939765169473 0.00015297617138477162 7.64880856923858e-06 0.00778
0.1877515087635919 0.00013092005874118073 6.546002937059037e-06 0.00778
0.18917361415625114 0.00011154627981897598 5.577313990948799e-06 0.00778
0.1905957137863525 9.24404263086663e-05 4.622021315433315e-06 0.00778
0.1920178076105765 7.778151871532745e-05 3.889075935766373e-06 0.00778
0.19343989558560354 6.566020352890275e-05 3.2830101764451376e-06 0.00778
0.19486197766811442 5.421948048074021e-05 2.7109740240370104e-06 0.00778
0.19628405381479 4.68007182134391e-05 2.340035910671955e-06 0.00778
0.1977061239823115 4.3567135656084955e-05 2.178356782804248e-06 0.00778
0.19912818812736 3.944970719972067e-05 1.9724853599860333e-06 0.00778
0.20055024620661702 3.6471731644519265e-05 1.8235865822259634e-06 0.00778
0.20197229817676424 3.6733497851543176e-05 1.8366748925771588e-06 0.00778
0.2033943439944834 3.687207996114407e-05 1.8436039980572036e-06 0.00778
0.20481638361645654 3.756499050914853e-05 1.8782495254574266e-06 0.00778
0.20623841699936593 3.707533372189205e-05 1.8537666860946028e-06 0.00778
0.20766044409989387 3.781135870399456e-05 1.8905679351997282e-06 0.00778
0.20908246487472293 3.658875653707113e-05 1.8294378268535566e-06 0.00778
0.21050447928053592 3.538463198476116e-05 1.769231599238058e-06 0.00778
0.21192648727401578 3.5326119538485224e-05 1.7663059769242612e-06 0.00778
0.21334848881184573 3.460549256856059e-05 1.7302746284280295e-06 0.00778
0.21477048385070907 3.394337804491187e-05 1.6971689022455937e-06 0.00778
0.21619247234728933 3.1987830498321505e-05 1.5993915249160753e-06 0.00778
0.2176144542582703 3.169834786937742e-05 1.5849173934688712e-06 0.00778
0.21903642954033595 3.0586611390134715e-05 1.529330569506736e-06 0.00778
0.22045839815017038 3.0740591511913486e-05 1.5370295755956743e-06 0.00778
0.22188036004445802 3.0343322797724254e-05 1.5171661398862128e-06 0.00778
0.2233023151798834 3.144890007209582e-05 1.5724450036047911e-06 0.00778
0.2247242635131313 3.327510431639202e-05 1.663755215819601e-06 0.00778
0.22614620500088664 3.440223880781261e-05 1.7201119403906306e-06 0.00778
0.22756813959983468 3.5988234062133934e-05 1.7994117031066968e-06 0.00778
0.2289900672666608 3.883378671260559e-05 1.9416893356302797e-06 0.00778
0.23041198795805057 3.920025940243906e-05 1.960012970121953e-06 0.00778
0.23183390163068984 4.082628948842286e-05 2.041314474421143e-06 0.00778
0.2332558082412646 4.1654702543592635e-05 2.082735127179632e-06 0.00778
0.23467770774646118 4.227370263314329e-05 2.1136851316571647e-06 0.00778
0.236099600102966 4.078933425919596e-05 2.039466712959798e-06 0.00778
0.2375214852674657 4.043517997910479e-05 2.0217589989552397e-06 0.00778
0.23894336319664725 3.899084643681993e-05 1.949542321840997e-06 0.00778
0.24036523384719774 3.6869000358708494e-05 1.8434500179354247e-06 0.00778
0.24178709717580452 3.4226701468984814e-05 1.7113350734492407e-06 0.00778
0.2432089531391551 3.274541269747305e-05 1.6372706348736526e-06 0.00778
0.24463080169393736 3.0257093929528145e-05 1.5128546964764073e-06 0.00778
0.24605264279683928 2.6580048621451137e-05 1.329002431072557e-06 0.00778
0.24747447640454912 2.434425725322341e-05 1.2172128626611705e-06 0.00778
0.24889630247375527 2.1551057844156532e-05 1.0775528922078266e-06 0.00778
0.2503181209611466 1.915204754684331e-05 9.576023773421655e-07 0.00778
0.2517399318234118 1.8135778743103438e-05 9.067889371551719e-07 0.00778
0.2531617350172402 1.707023630039435e-05 8.535118150197175e-07 0.00778
0.25458353049932125 1.571521122874118e-05 7.857605614370591e-07 0.00778
0.2560053182263444 1.500998227099442e-05 7.50499113549721e-07 0.00778
0.25742709815499976 1.4745136461534937e-05 7.372568230767469e-07 0.00778
0.2588488702419772 1.3892086586880557e-05 6.94604329344028e-07 0.00778
0.26027063444396725 1.4153852793904466e-05 7.076926396952234e-07 0.00778
0.26169239071766026 1.3519454692175933e-05 6.759727346087967e-07 0.00778
0.26311413901974734 1.391672340636516e-05 6.958361703182581e-07 0.00778
0.26453587930691935 1.3066753134146354e-05 6.533376567073178e-07 0.00778
0.2659576115358677 1.2891215795318556e-05 6.445607897659278e-07 0.00778
0.2673793356632839 1.3359315365526017e-05 6.679657682763009e-07 0.00778
0.2688010516458599 1.2992842675692545e-05 6.496421337846273e-07 0.00778
0.2702227594402875 1.204124552309975e-05 6.020622761549875e-07 0.00778
0.27164445900325923 1.1825673352609474e-05 5.912836676304737e-07 0.00778
0.2730661502914675 1.1065011551022354e-05 5.532505775511177e-07 0.00778
0.2744878332616053 1.0288951737257357e-05 5.144475868628678e-07 0.00778
0.2759095078703654 9.602200394124047e-06 4.801100197062024e-07 0.00778
0.27733117407444147 8.903130641248434e-06 4.4515653206242174e-07 0.00778
0.2787528318305268 7.849906608281653e-06 3.924953304140827e-07 0.00778
0.28017448109531523 7.474195111141456e-06 3.7370975555707286e-07 0.00778
0.28159612182550103 6.833637804541776e-06 3.4168189022708884e-07 0.00778
0.28301775397777834 6.257752149089179e-06 3.1288760745445895e-07 0.00778
0.284439377508842 6.153045666279616e-06 3.076522833139808e-07 0.00778
0.2858609923753867 5.614115240053925e-06 2.807057620026963e-07 0.00778
0.28728259853410765 5.786572976446147e-06 2.8932864882230734e-07 0.00778
0.28870419594170027 5.885120254384559e-06 2.9425601271922793e-07 0.00778
0.29012578455486016 5.5001699499376354e-06 2.750084974968818e-07 0.00778
0.2915473643302832 5.672627686329857e-06 2.8363138431649285e-07 0.00778
0.29296893522466577 5.629513252231801e-06 2.8147566261159007e-07 0.00778
0.2943904971947043 5.8789610495134074e-06 2.939480524756704e-07 0.00778
0.2958120501970954 5.678786891201007e-06 2.839393445600504e-07 0.00778
0.2972335941885361 5.589478420569322e-06 2.794739210284661e-07 0.00778
0.2986551291257239 5.8389262178509274e-06 2.919463108925464e-07 0.00778
0.3000766549653561 5.309234598931961e-06 2.6546172994659804e-07 0.00778
0.30149817166413084 5.312314201367537e-06 2.6561571006837686e-07 0.00778
0.30291967917874596 5.229164935607001e-06 2.6145824678035007e-07 0.00778
0.30434117746590017 5.127538055233014e-06 2.563769027616507e-07 0.00778
0.30576266648229183 5.056707199214779e-06 2.52835359960739e-07 0.00778
0.30718414618462014 5.038229584601327e-06 2.519114792300664e-07 0.00778
0.3086056165295842 4.600926038749623e-06 2.300463019374812e-07 0.00778
0.31002707747388375 5.333871418416564e-06 2.666935709208282e-07 0.00778
0.3114485289742183 4.7025529191236106e-06 2.3512764595618055e-07 0.00778
0.3128699709872883 4.69023450938131e-06 2.345117254690655e-07 0.00778
0.3142914034697939 4.853453438466805e-06 2.426726719233403e-07 0.00778
0.31571282637843595 4.724110136172639e-06 2.3620550680863194e-07 0.00778
0.31713423966991533 5.032070379730177e-06 2.5160351898650884e-07 0.00778
0.31855564330093333 4.801100197062023e-06 2.400550098531012e-07 0.00778
0.3199770372281916 5.028990777294603e-06 2.514495388647301e-07 0.00778
0.32139842140839187 5.164493284459919e-06 2.5822466422299595e-07 0.00778
0.3228197957982364 5.050547994343629e-06 2.5252739971718146e-07 0.00778
0.3242411603544276 5.235324140478152e-06 2.617662070239076e-07 0.00778
0.32566251503366844 4.915045487178313e-06 2.457522743589157e-07 0.00778
0.32708385979266164 4.813418606804325e-06 2.4067093034021627e-07 0.00778
0.3285051945881108 4.474662338891032e-06 2.2373311694455162e-07 0.00778
0.3299265193767194 4.311443409805537e-06 2.1557217049027686e-07 0.00778
0.3313478341151917 4.117428456364288e-06 2.0587142281821442e-07 0.00778
0.3327691387602316 4.058916010088355e-06 2.0294580050441777e-07 0.00778
0.33419043326854403 3.7725129835798454e-06 1.8862564917899228e-07 0.00778
0.3356117175968336 3.356766654777168e-06 1.678383327388584e-07 0.00778
0.3370329917018058 3.2089457378695497e-06 1.604472868934775e-07 0.00778
0.33845425554016584 3.2520601719676053e-06 1.6260300859838028e-07 0.00778
0.33987550906861985 2.7223685530486393e-06 1.3611842765243196e-07 0.00778
0.3412967522438737 2.7408461676620913e-06 1.3704230838310458e-07 0.00778
0.3427179850226342 2.1895973316940977e-06 1.0947986658470489e-07 0.00778
0.3441392073616076 1.6383484957261038e-06 8.191742478630519e-08 0.00778
0.3455604192175014 1.8108062321183257e-06 9.054031160591629e-08 0.00778
0.3469816205470229 1.693781339566461e-06 8.468906697832305e-08 0.00778
0.3484028113068799 1.4874479763829105e-06 7.437239881914553e-08 0.00778
0.3498239914537803 1.2503185888436059e-06 6.25159294421803e-08 0.00778
0.35124516094443253 1.173328527954221e-06 5.866642639771105e-08 0.00778
0.3526663197355454 1.2503185888436056e-06 6.251592944218028e-08 0.00778
0.3540874677838279 1.0131892013043015e-06 5.0659460065215077e-08 0.00778
0.35550860504598925 1.0255076110466026e-06 5.127538055233014e-08 0.00778
0.35692973147873913 9.79313574512972e-07 4.8965678725648606e-08 0.00778
0.3583508470387879 1.0378260207889042e-06 5.189130103944522e-08 0.00778
0.3597719516828455 9.793135745129718e-07 4.896567872564859e-08 0.00778
0.36119304536762287 9.700747672062458e-07 4.8503738360312296e-08 0.00778
0.3626141280498308 1.0162688037398766e-06 5.0813440186993833e-08 0.00778
0.36403519968618087 1.0778608524513842e-06 5.3893042622569215e-08 0.00778
0.36545626023338457 1.0717016475802334e-06 5.3585082379011675e-08 0.00778
0.36687730964815396 9.423583452860673e-07 4.711791726430337e-08 0.00778
0.3682983478872015 1.1363732987273169e-06 5.6818664936365846e-08 0.00778
0.36971937490723983 1.3858210960089227e-06 6.929105480044614e-08 0.00778
0.37114039066498195 1.0563036354023564e-06 5.2815181770117824e-08 0.00778
0.37256139511714126 1.404298710622375e-06 7.021493553111876e-08 0.00778
0.3739823882204315 1.3550250716531689e-06 6.775125358265844e-08 0.00778
0.3754033699315668 1.2164429620522767e-06 6.082214810261384e-08 0.00778
0.37682434020726163 1.308831035119538e-06 6.54415517559769e-08 0.00778
0.37824529900423054 1.6044728689347749e-06 8.022364344673875e-08 0.00778
0.37966624627918877 1.4012191081867997e-06 7.006095540933999e-08 0.00778
0.3810871819888519 1.6229504835482273e-06 8.114752417741137e-08 0.00778
0.3825081060899355 1.7122589541799135e-06 8.561294770899567e-08 0.00778
0.38392901853915606 1.5059255909963624e-06 7.529627954981813e-08 0.00778
0.38534991929322976 1.468970361769458e-06 7.34485180884729e-08 0.00778
0.38677080830887384 1.6167912786770765e-06 8.083956393385383e-08 0.00778
0.38819168554280525 1.5274828080453903e-06 7.637414040226952e-08 0.00778
0.38961255095174185 1.3026718302483872e-06 6.513359151241936e-08 0.00778
0.39103340449240137 1.3550250716531689e-06 6.775125358265844e-08 0.00778
0.3924542461215023 1.4227763252358275e-06 7.113881626179138e-08 0.00778
0.39387507579576336 1.5090051934319379e-06 7.54502596715969e-08 0.00778
0.39529589347190347 1.308831035119538e-06 6.54415517559769e-08 0.00778
0.39671669910664203 9.63915562335095e-07 4.8195778116754756e-08 0.00778
0.39813749265669895 1.130214093856166e-06 5.6510704692808306e-08 0.00778
0.39955827407879435 1.1209752865494396e-06 5.604876432747198e-08 0.00778
0.4009790433296487 8.684478868322582e-07 4.342239434161292e-08 0.00778
0.40239980036598294 9.947115866908488e-07 4.973557933454244e-08 0.00778
0.40382054514451826 1.0778608524513842e-06 5.3893042622569215e-08 0.00778
0.40524127762197637 9.30039935543766e-07 4.6501996777188305e-08 0.00778
0.40666199775507933 8.930847063168612e-07 4.4654235315843064e-08 0.00778
0.4080827055005494 5.450896310968429e-07 2.7254481554842147e-08 0.00778
0.40950340081510944 6.867513431333105e-07 3.433756715666553e-08 0.00778
0.4109240836554827 5.943632700660491e-07 2.971816350330246e-08 0.00778
0.41234475397839243 8.037762356851751e-07 4.018881178425876e-08 0.00778
0.41376541174056275 5.512488359679936e-07 2.756244179839968e-08 0.00778
0.4151860568987179 4.1266672636710147e-07 2.0633336318355075e-08 0.00778
0.4166066894095826 3.3259706304214146e-07 1.6629853152107073e-08 0.00778
0.41802730922988174 3.5723388252674457e-07 1.786169412633723e-08 0.00778
0.419447916316341 3.9110950931807366e-07 1.9555475465903684e-08 0.00778
0.4208685106256859 3.2027865329983986e-07 1.6013932664991993e-08 0.00778
0.42228909211464305 4.4346275072285527e-07 2.2173137536142765e-08 0.00778
0.4237096607399387 3.2027865329983986e-07 1.6013932664991993e-08 0.00778
0.4251302164583001 2.5868660458833226e-07 1.2934330229416613e-08 0.00778
0.4265507592264547 3.664726898334706e-07 1.832363449167353e-08 0.00778
